A: 0.000000 2.000000
B: 3.000000 1.000000
C: 1.000000 5.000000
